BAEKJOON ONLINE JUDGE meozigoon설정로그아웃어두운 테마넓은 크기
Logo
문제
문제집
대회
채점 현황
게시판
그룹
더 보기

 meozigoon
MOVE  
정보
언어
전체제출 업로드
등수	2602
맞은 문제	947
맞았지만 만점을 받지 못한 문제	1
시도했지만 맞지 못한 문제	29
제출	2375
문제집	1
맞았습니다	1145
출력 형식	20
틀렸습니다	712
시간 초과	177
메모리 초과	33
출력 초과	36
런타임 에러	109
컴파일 에러	143
학교/회사	한성과학고등학교 성서중학교(서울)
Codeforces	meozigoon

meozigoon
meozigoon
전부 끄기문제 번호문제 제목티어 표시티어 색상 표시
2025-2026년
0
12
Jan
Feb
Mar
Apr
May
Jun
Jul
Aug
Sep
Oct
Nov
Dec
2025
S
M
T
W
T
F
S
2026
S
M
T
W
T
F
S
Date	Submit
Jan 28, 2025	5
Jan 29, 2025	2
Jan 30, 2025	3
Jan 31, 2025	1
Feb 1, 2025	1
Feb 3, 2025	1
Feb 5, 2025	4
Feb 7, 2025	2
Feb 14, 2025	1
Feb 17, 2025	1
Feb 24, 2025	1
Apr 8, 2025	1
Apr 11, 2025	1
Apr 15, 2025	2
Apr 16, 2025	5
Apr 17, 2025	1
Apr 26, 2025	5
Jun 24, 2025	1
Jul 18, 2025	12
Sep 15, 2025	2
Oct 3, 2025	1
Oct 4, 2025	1
Oct 12, 2025	1
Oct 13, 2025	2
Oct 16, 2025	1
Dec 20, 2025	1
Mar 18, 2026	3
Apr 13, 2026	1
Apr 25, 2026	1
Apr 26, 2026	5
맞은 문제
1000 1001 1002 1003 1004 1008 1010 1011 1012 1016 1018 1019 1026 1032 1037 1043 1064 1065 1075 1076 1085 1094 1100 1110 1145 1149 1152 1157 1158 1181 1189 1193 1194 1197 1202 1238 1247 1253 1254 1259 1260 1264 1271 1292 1297 1302 1303 1310 1316 1325 1330 1353 1357 1377 1389 1413 1414 1419 1427 1436 1448 1453 1463 1484 1504 1541 1546 1547 1550 1620 1629 1644 1647 1654 1670 1673 1676 1708 1711 1712 1717 1740 1743 1747 1748 1753 1764 1789 1790 1793 1806 1809 1811 1833 1834 1850 1863 1874 1904 1914 1916 1920 1922 1924 1926 1927 1929 1931 1934 1937 1940 1947 1956 1966 1976 1977 1978 1990 2003 2004 2011 2013 2023 2049 2075 2083 2108 2133 2134 2153 2161 2162 2163 2164 2166 2178 2193 2206 2210 2225 2230 2231 2239 2244 2252 2289 2292 2293 2306 2309 2312 2321 2338 2355 2372 2377 2386 2387 2393 2407 2417 2420 2438 2439 2440 2441 2442 2443 2444 2445 2446 2467 2468 2470 2475 2480 2490 2501 2506 2522 2523 2525 2530 2556 2557 2558 2559 2562 2566 2576 2577 2580 2581 2583 2587 2588 2592 2606 2609 2623 2644 2667 2675 2693 2699 2702 2711 2738 2739 2741 2742 2743 2744 2745 2747 2748 2749 2750 2751 2752 2753 2754 2756 2775 2780 2798 2805 2822 2824 2839 2845 2851 2864 2869 2884 2887 2902 2908 2914 2920 2935 2941 2953 2960 3003 3009 3034 3040 3046 3047 3049 3052 3053 3058 3151 3184 3187 3208 3273 3649 3733 3765 3803 3896 4099 4100 4101 4134 4149 4150 4153 4158 4181 4195 4299 4343 4344 4355 4375 4378 4386 4447 4458 4470 4485 4562 4589 4650 4673 4690 4696 4714 4722 4763 4811 4819 4892 4948 4949 4963 4999 5073 5086 5217 5300 5337 5338 5339 5341 5344 5347 5357 5358 5430 5522 5524 5532 5543 5554 5565 5575 5576 5585 5596 5597 5613 5615 5622 5635 5647 5717 5746 5800 5928 5972 5988 6194 6198 6322 6376 6384 6439 6497 6502 6588 6591 6718 6749 6763 6764 6778 6779 6810 6825 6840 6841 6850 6887 6888 6916 6927 6962 6996 7044 7287 7420 7439 7453 7501 7510 7568 7569 7576 7595 7694 7869 7891 8187 8370 8393 8437 8545 8549 8558 8674 8710 8723 8760 8871 8958 9012 9020 9086 9095 9237 9240 9251 9252 9295 9316 9344 9375 9461 9466 9498 9506 9527 9610 9613 9653 9654 9655 9656 9657 9658 9659 9660 9661 9663 9699 9711 9713 9737 9741 9742 9772 9782 9842 10021 10026 10039 10093 10101 10102 10156 10162 10170 10171 10172 10188 10189 10216 10250 10254 10282 10422 10423 10430 10480 10569 10699 10718 10757 10768 10773 10775 10797 10798 10807 10808 10809 10810 10811 10813 10814 10815 10816 10817 10818 10820 10822 10824 10826 10828 10830 10844 10845 10854 10866 10867 10869 10870 10871 10872 10886 10903 10926 10949 10950 10951 10952 10953 10972 10973 10978 10986 10987 10988 10989 10990 10991 10992 10995 10996 10998 11000 11003 11004 11021 11022 11047 11050 11051 11053 11055 11057 11121 11123 11256 11257 11279 11282 11283 11286 11319 11365 11367 11382 11399 11403 11404 11444 11525 11549 11576 11650 11651 11652 11653 11654 11655 11657 11659 11689 11718 11719 11720 11721 11722 11723 11724 11725 11726 11727 11728 11729 11758 11779 11815 11866 11931 11942 11943 11944 11945 11948 11966 12781 12852 12865 13015 13076 13118 13239 13241 13277 13306 13319 13565 13646 13699 13706 13752 13926 13985 14167 14248 14264 14337 14425 14489 14492 14495 14502 14578 14581 14582 14621 14645 14650 14651 14652 14656 14681 14716 14729 14730 14731 14786 14860 14915 14916 14921 14924 14928 14940 14950 15000 15232 15311 15353 15372 15377 15549 15552 15596 15610 15624 15633 15650 15652 15654 15656 15657 15663 15666 15680 15687 15688 15700 15726 15727 15733 15740 15792 15803 15809 15819 15820 15829 15830 15835 15873 15894 15962 15963 15964 15965 15969 15988 15989 15991 15992 15993 15995 16057 16099 16168 16170 16173 16174 16195 16212 16214 16393 16394 16395 16398 16405 16428 16430 16435 16457 16472 16478 16479 16480 16483 16484 16485 16486 16494 16562 16724 16891 16953 17103 17106 17175 17214 17219 17256 17268 17295 17386 17387 17388 17396 17398 17403 17404 17425 17427 17466 17499 17608 17609 18017 18096 18108 18110 18111 18116 18132 18245 18258 18298 18301 18352 18398 18409 18691 18870 18917 19532 19577 19944 20040 20116 20254 20267 20353 20492 20494 20499 20551 21185 21300 21557 21598 21612 21624 21736 21739 21756 21919 21924 21937 21938 21964 22193 22295 22938 22966 23037 23234 23235 23795 23825 23832 23968 23969 23970 24039 24078 24082 24086 24262 24309 24416 24444 24445 24446 24447 24479 24480 24481 24482 24483 24484 24568 24726 24736 24860 24883 24900 24901 25083 25206 25238 25304 25305 25311 25314 25372 25418 25640 25777 26072 26082 26086 26209 26275 26307 26489 26495 26501 26517 26531 26545 26574 26575 26711 26766 27009 27046 27123 27219 27246 27294 27323 27324 27327 27328 27331 27332 27389 27433 27434 27465 27498 27865 27866 27889 27903 27945 27959 28074 28097 28113 28235 28281 28290 28295 28352 28431 28444 28474 28691 28701 28702 28889 29163 29592 29634 29699 29725 29731 29736 29751 29766 29790 29807 29863 29992 30007 30008 30017 30030 30031 30087 30089 30090 30091 30214 30224 30328 30394 30402 30468 30501 30664 30676 30794 30797 30802 30868 30979 30999 31090 31306 31403 31428 31429 31450 31495 31520 31608 31615 31636 31654 31656 31668 31746 31775 31821 31822 31867 31922 31962 31994 32025 32089 32215 32260 32278 32288 32342 32369 32384 32642 32651 32684 32710 32801 33178 33179 33191 33571 33651 33689 33701 33810 33964 34071 35506 35509
맞았지만 만점을 받지 못한 문제
12095
시도했지만 맞지 못한 문제
1041 1688 2254 2294 2808 3108 3142 3271 3783 3959 7737 9343 11048 11266 11401 11661 11664 12015 12496 13072 13705 16455 17090 17467 21000 21296 24616 25821 25916
맞은 번외 문제
1237 2555 9073 9999 10212 10943 10946 10947 10948 11506 12091 12096 14406 14443 14918 15641 15802 15891 16647 18822 18829 19617 24905 27899 35515

Baekjoon Online Judge
소개
뉴스
생중계
설문조사
블로그
디스코드 서버
기부하기
기능 추가 요청
스페셜 저지 제작
실험실
채점 현황
채점 현황
문제
문제
단계
분류
추가된 문제
문제 순위
최근 제출된 문제
최근 풀린 문제
재채점 및 문제 수정
유저 대회
FunctionCupGood Bye, BOJIDTcupkriiiconSemi-Game Cup구데기컵꼬마컵네블컵소프트콘아니메컵월간 향유회웰노운컵유틸컵키파컵피갤컵흐즈로컵HYEA Cup
고등학교 대회
NLCS Jeju경기과학고등학교경기북과학고등학교단국대학교부속소프트웨어고등학교대구과학고등학교대전과학고등학교서울과학고등학교선린인터넷고등학교세종과학예술영재학교송도고등학교한국과학영재학교한국디지털미디어고등학교
출처
ICPC
ICPC Korea Regional
Olympiad
한국정보올림피아드
한국정보올림피아드시․도지역본선
카카오 코드 페스티벌
Coder's High
Open Cup
Petrozavodsk Programming Camp
대학교 대회
DGISTKAISTPOSTECHUNIST가톨릭대학교강원대학교건국대학교경북대학교경인지역 대학 연합고려대학교광주과학기술원국민대학교부산대학교서강대학교서울과학기술대학교서울대학교서울사이버대학교서울시립대학교성균관대학교숙명여자대학교숭실대학교아주대학교연세대학교연세대학교 미래캠퍼스인천대학교인하대학교전남대학교전북대학교중앙대학교충남대학교한국항공대학교한양대학교한양대학교 ERICA 캠퍼스홍익대학교전국 대학생 프로그래밍 대회 동아리 연합신촌지역 대학생 프로그래밍 대회 동아리 연합
도움말
채점 도움말 및 채점 환경
재채점 안내
런타임 에러 도움말
문제 스타일 안내
컴파일 또는 실행 옵션, 컴파일러 버전, 언어 도움말
문제집 도움말
대회 개최 안내
문제 출제 안내
이용 규칙
통계 도움말
질문 도움말
자주묻는 질문
짧은 주소 안내
광고 안내
© 2026 All Rights Reserved. 주식회사 스타트링크 | 서비스 약관 | 개인정보 보호 | 결제 이용 약관 | 도움말 | 광고 문의 | 업데이트 노트 | 이슈 | TODO

이 사이트는 ACM 또는 ICPC 대회와 무관하며, ACM으로부터 승인이나 지원을 받지 않고 있습니다.

한국어 | English (Beta)